0.000005 0.000016 0.000012 0.000016 0.000012 0.000017 0.000012 0.000017 0.000012 0.000017 0.000012 0.000015 0.000012 0.000017 0.000011 0.000016 0.000012 0.000016 0.000012 0.000016 0.000012 0.000016 0.000012 0.000015 
0.000017 0.000009 0.000016 0.000012 0.000016 0.000012 0.000016 0.000012 0.000016 0.000012 0.000016 0.000011 0.000015 0.000013 0.000017 0.000011 0.000016 0.000012 0.000016 0.000012 0.000016 0.000012 0.000015 0.000012 
0.000012 0.000017 0.000010 0.000016 0.000012 0.000016 0.000012 0.000017 0.000012 0.000016 0.000012 0.000016 0.000012 0.000017 0.000012 0.000017 0.000012 0.000017 0.000012 0.000017 0.000012 0.000016 0.000012 0.000017 
0.000016 0.000012 0.000017 0.000010 0.000015 0.000012 0.000016 0.000012 0.000016 0.000012 0.000016 0.000011 0.000017 0.000012 0.000015 0.000012 0.000016 0.000012 0.000016 0.000012 0.000017 0.000012 0.000016 0.000012 
0.000012 0.000017 0.000012 0.000018 0.000009 0.000016 0.000012 0.000017 0.000012 0.000015 0.000012 0.000017 0.000012 0.000017 0.000011 0.000016 0.000013 0.000017 0.000012 0.000018 0.000012 0.000015 0.000012 0.000017 
0.000015 0.000012 0.000017 0.000011 0.000018 0.000009 0.000016 0.000012 0.000017 0.000012 0.000017 0.000012 0.000017 0.000012 0.000015 0.000011 0.000016 0.000013 0.000017 0.000012 0.000017 0.000012 0.000016 0.000012 
0.000012 0.000016 0.000012 0.000016 0.000012 0.000018 0.000010 0.000016 0.000012 0.000016 0.000012 0.000016 0.000012 0.000016 0.000012 0.000017 0.000012 0.000017 0.000013 0.000016 0.000012 0.000016 0.000011 0.000016 
0.000016 0.000012 0.000016 0.000012 0.000017 0.000012 0.000015 0.000010 0.000016 0.000012 0.000017 0.000011 0.000016 0.000012 0.000017 0.000011 0.000017 0.000012 0.000017 0.000013 0.000016 0.000012 0.000015 0.000012 
0.000012 0.000016 0.000012 0.000017 0.000012 0.000017 0.000012 0.000015 0.000010 0.000016 0.000012 0.000017 0.000012 0.000016 0.000012 0.000017 0.000012 0.000017 0.000012 0.000017 0.000013 0.000016 0.000012 0.000016 
0.000016 0.000012 0.000016 0.000012 0.000016 0.000012 0.000016 0.000012 0.000017 0.000010 0.000016 0.000012 0.000016 0.000012 0.000016 0.000011 0.000016 0.000012 0.000017 0.000012 0.000015 0.000013 0.000016 0.000012 
0.000012 0.000017 0.000012 0.000017 0.000012 0.000016 0.000011 0.000017 0.000012 0.000017 0.000009 0.000016 0.000012 0.000016 0.000011 0.000015 0.000011 0.000016 0.000012 0.000016 0.000012 0.000015 0.000013 0.000017 
0.000016 0.000012 0.000016 0.000011 0.000017 0.000012 0.000017 0.000012 0.000016 0.000012 0.000017 0.000009 0.000016 0.000011 0.000017 0.000011 0.000016 0.000012 0.000016 0.000012 0.000016 0.000012 0.000015 0.000013 
0.000013 0.000017 0.000012 0.000016 0.000012 0.000016 0.000011 0.000016 0.000011 0.000016 0.000012 0.000016 0.000009 0.000016 0.000011 0.000016 0.000011 0.000016 0.000011 0.000016 0.000011 0.000017 0.000011 0.000016 
0.000017 0.000013 0.000017 0.000012 0.000017 0.000012 0.000015 0.000011 0.000016 0.000012 0.000016 0.000012 0.000016 0.000009 0.000016 0.000011 0.000016 0.000012 0.000016 0.000011 0.000016 0.000011 0.000016 0.000012 
0.000011 0.000017 0.000012 0.000017 0.000012 0.000018 0.000011 0.000017 0.000011 0.000016 0.000011 0.000017 0.000011 0.000017 0.000007 0.000016 0.000011 0.000017 0.000011 0.000017 0.000011 0.000016 0.000011 0.000017 
0.000017 0.000011 0.000017 0.000012 0.000017 0.000011 0.000016 0.000011 0.000016 0.000011 0.000016 0.000011 0.000017 0.000011 0.000015 0.000010 0.000015 0.000011 0.000017 0.000011 0.000016 0.000011 0.000017 0.000011 
0.000012 0.000016 0.000012 0.000017 0.000013 0.000016 0.000012 0.000015 0.000012 0.000016 0.000012 0.000018 0.000012 0.000016 0.000011 0.000016 0.000010 0.000016 0.000011 0.000015 0.000012 0.000016 0.000012 0.000016 
0.000016 0.000012 0.000017 0.000012 0.000016 0.000012 0.000016 0.000012 0.000016 0.000012 0.000016 0.000012 0.000016 0.000012 0.000016 0.000011 0.000016 0.000010 0.000015 0.000011 0.000016 0.000012 0.000016 0.000012 
0.000012 0.000016 0.000012 0.000017 0.000012 0.000016 0.000013 0.000016 0.000011 0.000016 0.000012 0.000016 0.000011 0.000016 0.000011 0.000016 0.000012 0.000016 0.000010 0.000016 0.000011 0.000017 0.000012 0.000016 
0.000017 0.000012 0.000016 0.000012 0.000016 0.000012 0.000016 0.000007 0.000017 0.000012 0.000017 0.000012 0.000016 0.000012 0.000016 0.000011 0.000016 0.000012 0.000016 0.000010 0.000016 0.000012 0.000017 0.000012 
0.000012 0.000016 0.000012 0.000017 0.000012 0.000017 0.000012 0.000016 0.000013 0.000016 0.000011 0.000016 0.000012 0.000016 0.000011 0.000017 0.000012 0.000016 0.000012 0.000016 0.000010 0.000016 0.000011 0.000016 
0.000017 0.000012 0.000016 0.000012 0.000016 0.000012 0.000016 0.000011 0.000016 0.000012 0.000016 0.000012 0.000016 0.000012 0.000017 0.000011 0.000016 0.000012 0.000016 0.000012 0.000016 0.000010 0.000017 0.000012 
0.000012 0.000017 0.000012 0.000016 0.000012 0.000016 0.000012 0.000016 0.000012 0.000016 0.000012 0.000016 0.000011 0.000017 0.000011 0.000017 0.000012 0.000016 0.000012 0.000016 0.000012 0.000016 0.000010 0.000016 
0.000015 0.000011 0.000016 0.000012 0.000017 0.000012 0.000015 0.000012 0.000016 0.000012 0.000016 0.000012 0.000016 0.000011 0.000016 0.000011 0.000016 0.000011 0.000015 0.000012 0.000016 0.000011 0.000016 0.000010 
